[gd_scene load_steps=6 format=3 uid="uid://blfuv64ebh6b1"]

[ext_resource type="Script" path="res://scripts/laboratory.gd" id="1_kj31b"]
[ext_resource type="PackedScene" uid="uid://bflpdqq16ov35" path="res://scenes/shield.tscn" id="2_gtrca"]
[ext_resource type="PackedScene" uid="uid://bqlmmx43ovy2n" path="res://scenes/weapon.tscn" id="3_52x5l"]
[ext_resource type="Script" path="res://scripts/stagger_activate.gd" id="4_588iy"]
[ext_resource type="PackedScene" uid="uid://g7qyvfuhihty" path="res://scenes/sounds.tscn" id="4_mf4v1"]

[node name="Laboratory" type="Node3D"]
script = ExtResource("1_kj31b")

[node name="WeaponAparatus" parent="." instance=ExtResource("3_52x5l")]
transform = Transform3D(1, 0, 0, 0, 1, 0, 0, 0, 1, 3, 0, 0)

[node name="ShieldApparatus" parent="." instance=ExtResource("2_gtrca")]
type = 2

[node name="Surveillance" type="Node3D" parent="."]

[node name="SouthSpotLight" type="SpotLight3D" parent="Surveillance"]
transform = Transform3D(1, 0, 0, 0, 0.707107, 0.707107, 0, -0.707107, 0.707107, 0, 8, 9)
light_energy = 4.0
shadow_enabled = true
spot_range = 33.11
spot_angle = 20.0

[node name="StaggerActivate" type="Node" parent="Surveillance/SouthSpotLight"]
script = ExtResource("4_588iy")
activation_delay = 1.0

[node name="SouthCamera" type="Camera3D" parent="Surveillance"]
transform = Transform3D(1, 0, 0, 0, 1, 0, 0, 0, 1, 0, 2, 9)

[node name="EastSpotLight" type="SpotLight3D" parent="Surveillance"]
transform = Transform3D(-4.37114e-08, -0.707107, 0.707107, 0, 0.707107, 0.707107, -1, 3.09086e-08, -3.09086e-08, 9, 8, 0)
light_energy = 4.0
shadow_enabled = true
spot_range = 33.11
spot_angle = 20.0

[node name="StaggerActivate" type="Node" parent="Surveillance/EastSpotLight"]
script = ExtResource("4_588iy")
activation_delay = 1.5

[node name="EastCamera" type="Camera3D" parent="Surveillance"]
transform = Transform3D(-4.37114e-08, 0, 1, 0, 1, 0, -1, 0, -4.37114e-08, 9, 2, 0)

[node name="WestSpotLight" type="SpotLight3D" parent="Surveillance"]
transform = Transform3D(-4.37114e-08, 0.707107, -0.707107, 0, 0.707107, 0.707107, 1, 3.09086e-08, -3.09086e-08, -9, 8, 0)
light_energy = 4.0
shadow_enabled = true
spot_range = 33.11
spot_angle = 20.0

[node name="StaggerActivate" type="Node" parent="Surveillance/WestSpotLight"]
script = ExtResource("4_588iy")
activation_delay = 2.1

[node name="WestCamera" type="Camera3D" parent="Surveillance"]
transform = Transform3D(-4.37114e-08, 0, -1, 0, 1, 0, 1, 0, -4.37114e-08, -9, 2, 0)

[node name="NorthSpotLight" type="SpotLight3D" parent="Surveillance"]
transform = Transform3D(-1, 1.0677e-07, -1.0677e-07, 0, 0.707107, 0.707107, 1.50996e-07, 0.707107, -0.707107, 0, 8, -9)
light_energy = 4.0
shadow_enabled = true
spot_range = 33.11
spot_angle = 20.0

[node name="StaggerActivate" type="Node" parent="Surveillance/NorthSpotLight"]
script = ExtResource("4_588iy")
activation_delay = 2.5

[node name="NorthCamera" type="Camera3D" parent="Surveillance"]
transform = Transform3D(-1, 0, -8.74228e-08, 0, 1, 0, 8.74228e-08, 0, -1, 0, 2, -9)
current = true
fov = 35.0

[node name="OverheadLight" type="OmniLight3D" parent="Surveillance"]
transform = Transform3D(1, 0, 0, 0, 1, 0, 0, 0, 1, 0, 19, 0)
visible = false
light_energy = 16.0
omni_range = 30.0

[node name="Structure" type="Node3D" parent="."]

[node name="NorthWall" type="CSGBox3D" parent="Structure"]
transform = Transform3D(20, 0, 0, 0, 20, 0, 0, 0, 1, 0, 10, -10)

[node name="EastWall" type="CSGBox3D" parent="Structure"]
transform = Transform3D(-8.74228e-07, 0, 1, 0, 20, 0, -20, 0, -4.37114e-08, 10, 10, 0)

[node name="WestWall" type="CSGBox3D" parent="Structure"]
transform = Transform3D(-8.74228e-07, 0, 1, 0, 20, 0, -20, 0, -4.37114e-08, -10, 10, 0)

[node name="SouthWall" type="CSGBox3D" parent="Structure"]
transform = Transform3D(20, 0, 0, 0, 20, 0, 0, 0, 1, 0, 10, 10)

[node name="DownWall" type="CSGBox3D" parent="Structure"]
transform = Transform3D(20, 0, 0, 0, -8.74228e-07, -1, 0, 20, -4.37114e-08, 0, -0.5, 0)

[node name="UpWall" type="CSGBox3D" parent="Structure"]
transform = Transform3D(20, 0, 0, 0, -8.74228e-07, -1, 0, 20, -4.37114e-08, 0, 19.5, 0)

[node name="SoundSystem" parent="." instance=ExtResource("4_mf4v1")]
